109.43
93.55
93.55
93.55
93.55
63.63
63.63
94.14
94.14
312.14
312.14
93.55
93.55
93.55
93.55
93.55
93.55
94.14
94.14
94.73
94.73
94.73
94.73
94.14
94.14
317.41
317.41
47.29
47.29
137.94
137.94
78.70
78.70
318.44
318.44
101.82
101.82
78.76
78.76
95.93
95.93
97.10
97.10
326.11
326.11
78.80
78.80
328.67
328.67
138.14
138.14
61.74
61.74
63.39
63.39
98.88
98.88
99.48
99.48
78.59
78.59
75.00
75.00
69.85
69.85
74.88
112.62
112.62
186.25
186.25
73.33
138.17
61.62
61.62
78.86
139.39
139.39
162.15
161.56
375.98
74.41
120.19
75.64
76.98
55.14
379.61
78.53
77.35
379.02
62.16
382.11
127.35
79.18
78.84
75.17
117.74
63.51
376.55
376.55
38.53
78.82
78.82
128.98
128.98
79.23
79.23
78.69
78.69
378.91
378.91
78.75
78.75
79.01
79.01
165.36
165.36
78.75
78.75
116.93
116.93
62.86
62.86
78.74
78.74
78.74
62.22
62.22
78.80
78.80
385.88
385.88
74.89
55.91
55.91
156.82
156.82
76.92
76.92
78.87
78.85
78.85
374.91
374.91
78.70
78.70
78.81
78.81
78.81
52.24
78.41
78.41
60.90
60.90
61.57
61.57
94.03
94.03
94.03
325.38
325.38
317.87
137.86
137.86
88.55
88.55
74.94
74.94
47.10
47.10
84.80
81.64
81.64
33.62
33.62
62.39
62.39
80.53
80.53
80.53
78.75
78.75
78.75
82.12
78.87
78.16
78.16
78.64
76.97
76.97
77.56
267.30
267.30
77.56
76.97
42.63
77.56
268.32
76.99
77.57
77.57
78.90
77.57
267.80
76.99
77.66
268.34
77.02
76.99
76.40
78.82
78.82
77.00
42.63
268.32
77.04
76.43
77.57
79.29
76.98
79.45
77.15
77.15
77.56
77.57
43.22
78.81
78.16
78.16
76.97
271.26
75.79
77.57
77.57
77.56
77.02
78.97
79.57
78.83
77.57
77.56
78.16
77.56
85.93
85.93
78.75
78.70
83.03
105.03
78.58
81.60
88.23
81.38
76.14
68.80
85.43
79.23
87.79
50.91
69.24
231.79
310.47
62.91
78.04
72.25
152.12
78.75
63.57
153.31
124.97
33.15
128.28
176.25
47.17
51.98
322.26
115.70
182.28
61.75
79.23
79.24
79.95
72.06
157.64
175.12
47.51
138.60
128.96
79.29
82.06
102.42
75.23
79.52
163.92
33.01
32.94
69.97
86.56
76.23
91.44
72.70
72.25
79.12
103.45
72.29
78.76
115.15
79.47
149.24
78.81
75.11
161.44
126.13
145.91
129.97
149.82
78.88
83.28
104.35
31.93
31.26
73.89
78.88
70.81
91.64
55.34
79.77
79.29
67.13
67.32
191.91
50.92
188.45
48.98
152.28
86.43
91.72
84.59
96.24
91.73
96.31
82.27
89.37
112.65
80.61
62.51
79.48
79.87
79.30
79.37
79.18
106.36
63.57
65.74
77.59
80.29
84.78
162.14
88.95
62.75
79.46
31.95
78.94
75.45
99.27
71.73
78.88
78.88
107.11
160.85
163.39
84.73
163.56
163.93
82.94
76.40
82.16
76.29
78.94
77.88
98.23
78.80
91.73
91.73
75.92
67.07
98.19
129.67
99.81
68.17
80.16
79.00
62.81
78.88
73.73
79.18
67.42
100.28
164.28
76.66
75.47
72.13
164.56
96.01
87.75
66.75
75.59
86.54
76.71
163.72
104.67
63.44
75.59
78.21
78.21
78.53
164.36
74.64
31.43
164.12
137.51
71.88
71.88
74.37
74.13
81.07
75.36
77.24
103.56
78.70
108.52
84.67
102.82
166.55
74.95
63.41
79.34
78.14
79.34
68.91
104.63
78.16
166.23
79.69
75.82
62.39
75.12
62.98
80.56
167.12
62.88
80.66
77.16
169.63
88.03
80.71
84.81
80.66
83.48
83.00
78.23
133.29
78.83
30.25
66.16
96.06
34.89
89.18
92.97
38.00
68.15
121.96
204.93
78.77
53.27
95.09
106.81
113.65
217.26
219.17
109.06
112.70
59.21
102.17
102.08
124.19
113.42
77.47
73.97
79.46
111.75
100.41
114.88
132.75
29.60
69.76
79.47
138.81
40.92
34.52
128.22
41.62
154.27
252.84
131.13
75.00
61.79
75.53
85.89
122.57
